3735516256237284175725623411682342751376382465148241357575862737
4816325736721654234828614165773572318512356731846423547887142356
3735516256237284175725623411682342751376382465148241357575862737
2864831327226574516647382632478281165247744158733887215242743165
7568214366815851672287554783562138758273813364821462776886767538
7753411855331822654231345828654376687471825457364641788841451362
6845215642261847523358687283551123154615214281468764342138517788
5325268321268473781834365871316412582745625472158337512657654155
2476648875834532785263754267742586133547547733563645421652351718
8132217471752162172445863223875824625518577148824368862433561647
6452324886325423527328624328285442637384245765436544827178341337
2974643778452329916685324369527866867419471298942432915787972948
2328584683133264412763555646157346224718756587222824351617862653